volume=28.000000
sub-pos=82.000000
start=9680.663478
