volume=44.000000
start=9379.206897
