volume=32.000000
start=3168.137931
