volume=24.000000
sub-pos=82.000000
start=315.281000
