volume=56.000000
start=33.360000
