volume=66.000000
start=235.484289
