volume=14.000000
start=6021.355000
