volume=22.000000
sub-pos=82.000000
start=21.670611
