volume=54.000000
start=413.513000
